[Stuard_big.jpg]
filters=autocolor=1;fill=1,0.644860;finetune2=1,0.140351,0.061754,0.087018,00000000,0.000000;
moddate=000039f3dbcc0000
width=200
height=200
textactive=0
